{
    "camera_angle_x": 0.6911112070083618,
    "frames": [
        {
            "file_path": "/data/easy_world_dataset/diffuse_scene_1647996146/00000.exr",
            "grid_i": -20.0,
            "grid_j": -20.0,
            "transform_matrix": [
                [
                    1.0,
                    0.0,
                    0.0,
                    -20.0
                ],
                [
                    0.0,
                    0.9553365111351013,
                    -0.29552021622657776,
                    -20.0
                ],
                [
                    0.0,
                    0.29552021622657776,
                    0.9553365111351013,
                    0.0
                ],
                [
                    0.0,
                    0.0,
                    0.0,
                    1.0
                ]
            ]
        },
        {
            "file_path": "/data/easy_world_dataset/diffuse_scene_1647996146/00001.exr",
            "grid_i": -20.0,
            "grid_j": -19.183673469387756,
            "transform_matrix": [
                [
                    1.0,
                    0.0,
                    0.0,
                    -19.183673858642578
                ],
                [
                    0.0,
                    0.9553365111351013,
                    -0.29552021622657776,
                    -20.0
                ],
                [
                    0.0,
                    0.29552021622657776,
                    0.9553365111351013,
                    0.0
                ],
                [
                    0.0,
                    0.0,
                    0.0,
                    1.0
                ]
            ]
        },
        {
            "file_path": "/data/easy_world_dataset/diffuse_scene_1647996146/00002.exr",
            "grid_i": -20.0,
            "grid_j": -18.367346938775512,
            "transform_matrix": [
                [
                    1.0,
                    0.0,
                    0.0,
                    -18.367347717285156
                ],
                [
                    0.0,
                    0.9553365111351013,
                    -0.29552021622657776,
                    -20.0
                ],
                [
                    0.0,
                    0.29552021622657776,
                    0.9553365111351013,
                    0.0
                ],
                [
                    0.0,
                    0.0,
                    0.0,
                    1.0
                ]
            ]
        },
        {
            "file_path": "/data/easy_world_dataset/diffuse_scene_1647996146/00003.exr",
            "grid_i": -20.0,
            "grid_j": -17.551020408163264,
            "transform_matrix": [
                [
                    1.0,
                    0.0,
                    0.0,
                    -17.5510196685791
                ],
                [
                    0.0,
                    0.9553365111351013,
                    -0.29552021622657776,
                    -20.0
                ],
                [
                    0.0,
                    0.29552021622657776,
                    0.9553365111351013,
                    0.0
                ],
                [
                    0.0,
                    0.0,
                    0.0,
                    1.0
                ]
            ]
        },
        {
            "file_path": "/data/easy_world_dataset/diffuse_scene_1647996146/00004.exr",
            "grid_i": -20.0,
            "grid_j": -16.73469387755102,
            "transform_matrix": [
                [
                    1.0,
                    0.0,
                    0.0,
                    -16.73469352722168
                ],
                [
                    0.0,
                    0.9553365111351013,
                    -0.29552021622657776,
                    -20.0
                ],
                [
                    0.0,
                    0.29552021622657776,
                    0.9553365111351013,
                    0.0
                ],
                [
                    0.0,
                    0.0,
                    0.0,
                    1.0
                ]
            ]
        },
        {
            "file_path": "/data/easy_world_dataset/diffuse_scene_1647996146/00005.exr",
            "grid_i": -20.0,
            "grid_j": -15.918367346938776,
            "transform_matrix": [
                [
                    1.0,
                    0.0,
                    0.0,
                    -15.918367385864258
                ],
                [
                    0.0,
                    0.9553365111351013,
                    -0.29552021622657776,
                    -20.0
                ],
                [
                    0.0,
                    0.29552021622657776,
                    0.9553365111351013,
                    0.0
                ],
                [
                    0.0,
                    0.0,
                    0.0,
                    1.0
                ]
            ]
        },
        {
            "file_path": "/data/easy_world_dataset/diffuse_scene_1647996146/00006.exr",
            "grid_i": -20.0,
            "grid_j": -15.10204081632653,
            "transform_matrix": [
                [
                    1.0,
                    0.0,
                    0.0,
                    -15.102041244506836
                ],
                [
                    0.0,
                    0.9553365111351013,
                    -0.29552021622657776,
                    -20.0
                ],
                [
                    0.0,
                    0.29552021622657776,
                    0.9553365111351013,
                    0.0
                ],
                [
                    0.0,
                    0.0,
                    0.0,
                    1.0
                ]
            ]
        },
        {
            "file_path": "/data/easy_world_dataset/diffuse_scene_1647996146/00007.exr",
            "grid_i": -20.0,
            "grid_j": -14.285714285714285,
            "transform_matrix": [
                [
                    1.0,
                    0.0,
                    0.0,
                    -14.285714149475098
                ],
                [
                    0.0,
                    0.9553365111351013,
                    -0.29552021622657776,
                    -20.0
                ],
                [
                    0.0,
                    0.29552021622657776,
                    0.9553365111351013,
                    0.0
                ],
                [
                    0.0,
                    0.0,
                    0.0,
                    1.0
                ]
            ]
        },
        {
            "file_path": "/data/easy_world_dataset/diffuse_scene_1647996146/00008.exr",
            "grid_i": -20.0,
            "grid_j": -13.46938775510204,
            "transform_matrix": [
                [
                    1.0,
                    0.0,
                    0.0,
                    -13.469388008117676
                ],
                [
                    0.0,
                    0.9553365111351013,
                    -0.29552021622657776,
                    -20.0
                ],
                [
                    0.0,
                    0.29552021622657776,
                    0.9553365111351013,
                    0.0
                ],
                [
                    0.0,
                    0.0,
                    0.0,
                    1.0
                ]
            ]
        },
        {
            "file_path": "/data/easy_world_dataset/diffuse_scene_1647996146/00009.exr",
            "grid_i": -20.0,
            "grid_j": -12.653061224489797,
            "transform_matrix": [
                [
                    1.0,
                    0.0,
                    0.0,
                    -12.653060913085938
                ],
                [
                    0.0,
                    0.9553365111351013,
                    -0.29552021622657776,
                    -20.0
                ],
                [
                    0.0,
                    0.29552021622657776,
                    0.9553365111351013,
                    0.0
                ],
                [
                    0.0,
                    0.0,
                    0.0,
                    1.0
                ]
            ]
        },
        {
            "file_path": "/data/easy_world_dataset/diffuse_scene_1647996146/00010.exr",
            "grid_i": -20.0,
            "grid_j": -11.83673469387755,
            "transform_matrix": [
                [
                    1.0,
                    0.0,
                    0.0,
                    -11.836734771728516
                ],
                [
                    0.0,
                    0.9553365111351013,
                    -0.29552021622657776,
                    -20.0
                ],
                [
                    0.0,
                    0.29552021622657776,
                    0.9553365111351013,
                    0.0
                ],
                [
                    0.0,
                    0.0,
                    0.0,
                    1.0
                ]
            ]
        },
        {
            "file_path": "/data/easy_world_dataset/diffuse_scene_1647996146/00011.exr",
            "grid_i": -20.0,
            "grid_j": -11.020408163265305,
            "transform_matrix": [
                [
                    1.0,
                    0.0,
                    0.0,
                    -11.020408630371094
                ],
                [
                    0.0,
                    0.9553365111351013,
                    -0.29552021622657776,
                    -20.0
                ],
                [
                    0.0,
                    0.29552021622657776,
                    0.9553365111351013,
                    0.0
                ],
                [
                    0.0,
                    0.0,
                    0.0,
                    1.0
                ]
            ]
        },
        {
            "file_path": "/data/easy_world_dataset/diffuse_scene_1647996146/00012.exr",
            "grid_i": -20.0,
            "grid_j": -10.204081632653061,
            "transform_matrix": [
                [
                    1.0,
                    0.0,
                    0.0,
                    -10.204081535339355
                ],
                [
                    0.0,
                    0.9553365111351013,
                    -0.29552021622657776,
                    -20.0
                ],
                [
                    0.0,
                    0.29552021622657776,
                    0.9553365111351013,
                    0.0
                ],
                [
                    0.0,
                    0.0,
                    0.0,
                    1.0
                ]
            ]
        },
        {
            "file_path": "/data/easy_world_dataset/diffuse_scene_1647996146/00013.exr",
            "grid_i": -20.0,
            "grid_j": -9.387755102040817,
            "transform_matrix": [
                [
                    1.0,
                    0.0,
                    0.0,
                    -9.387755393981934
                ],
                [
                    0.0,
                    0.9553365111351013,
                    -0.29552021622657776,
                    -20.0
                ],
                [
                    0.0,
                    0.29552021622657776,
                    0.9553365111351013,
                    0.0
                ],
                [
                    0.0,
                    0.0,
                    0.0,
                    1.0
                ]
            ]
        },
        {
            "file_path": "/data/easy_world_dataset/diffuse_scene_1647996146/00014.exr",
            "grid_i": -20.0,
            "grid_j": -8.571428571428571,
            "transform_matrix": [
                [
                    1.0,
                    0.0,
                    0.0,
                    -8.571428298950195
                ],
                [
                    0.0,
                    0.9553365111351013,
                    -0.29552021622657776,
                    -20.0
                ],
                [
                    0.0,
                    0.29552021622657776,
                    0.9553365111351013,
                    0.0
                ],
                [
                    0.0,
                    0.0,
                    0.0,
                    1.0
                ]
            ]
        },
        {
            "file_path": "/data/easy_world_dataset/diffuse_scene_1647996146/00015.exr",
            "grid_i": -20.0,
            "grid_j": -7.755102040816325,
            "transform_matrix": [
                [
                    1.0,
                    0.0,
                    0.0,
                    -7.755102157592773
                ],
                [
                    0.0,
                    0.9553365111351013,
                    -0.29552021622657776,
                    -20.0
                ],
                [
                    0.0,
                    0.29552021622657776,
                    0.9553365111351013,
                    0.0
                ],
                [
                    0.0,
                    0.0,
                    0.0,
                    1.0
                ]
            ]
        },
        {
            "file_path": "/data/easy_world_dataset/diffuse_scene_1647996146/00016.exr",
            "grid_i": -20.0,
            "grid_j": -6.938775510204081,
            "transform_matrix": [
                [
                    1.0,
                    0.0,
                    0.0,
                    -6.938775539398193
                ],
                [
                    0.0,
                    0.9553365111351013,
                    -0.29552021622657776,
                    -20.0
                ],
                [
                    0.0,
                    0.29552021622657776,
                    0.9553365111351013,
                    0.0
                ],
                [
                    0.0,
                    0.0,
                    0.0,
                    1.0
                ]
            ]
        },
        {
            "file_path": "/data/easy_world_dataset/diffuse_scene_1647996146/00017.exr",
            "grid_i": -20.0,
            "grid_j": -6.122448979591837,
            "transform_matrix": [
                [
                    1.0,
                    0.0,
                    0.0,
                    -6.122448921203613
                ],
                [
                    0.0,
                    0.9553365111351013,
                    -0.29552021622657776,
                    -20.0
                ],
                [
                    0.0,
                    0.29552021622657776,
                    0.9553365111351013,
                    0.0
                ],
                [
                    0.0,
                    0.0,
                    0.0,
                    1.0
                ]
            ]
        },
        {
            "file_path": "/data/easy_world_dataset/diffuse_scene_1647996146/00018.exr",
            "grid_i": -20.0,
            "grid_j": -5.3061224489795915,
            "transform_matrix": [
                [
                    1.0,
                    0.0,
                    0.0,
                    -5.306122303009033
                ],
                [
                    0.0,
                    0.9553365111351013,
                    -0.29552021622657776,
                    -20.0
                ],
                [
                    0.0,
                    0.29552021622657776,
                    0.9553365111351013,
                    0.0
                ],
                [
                    0.0,
                    0.0,
                    0.0,
                    1.0
                ]
            ]
        },
        {
            "file_path": "/data/easy_world_dataset/diffuse_scene_1647996146/00019.exr",
            "grid_i": -20.0,
            "grid_j": -4.489795918367346,
            "transform_matrix": [
                [
                    1.0,
                    0.0,
                    0.0,
                    -4.489795684814453
                ],
                [
                    0.0,
                    0.9553365111351013,
                    -0.29552021622657776,
                    -20.0
                ],
                [
                    0.0,
                    0.29552021622657776,
                    0.9553365111351013,
                    0.0
                ],
                [
                    0.0,
                    0.0,
                    0.0,
                    1.0
                ]
            ]
        },
        {
            "file_path": "/data/easy_world_dataset/diffuse_scene_1647996146/00020.exr",
            "grid_i": -20.0,
            "grid_j": -3.6734693877551017,
            "transform_matrix": [
                [
                    1.0,
                    0.0,
                    0.0,
                    -3.673469305038452
                ],
                [
                    0.0,
                    0.9553365111351013,
                    -0.29552021622657776,
                    -20.0
                ],
                [
                    0.0,
                    0.29552021622657776,
                    0.9553365111351013,
                    0.0
                ],
                [
                    0.0,
                    0.0,
                    0.0,
                    1.0
                ]
            ]
        },
        {
            "file_path": "/data/easy_world_dataset/diffuse_scene_1647996146/00021.exr",
            "grid_i": -20.0,
            "grid_j": -2.8571428571428577,
            "transform_matrix": [
                [
                    1.0,
                    0.0,
                    0.0,
                    -2.857142925262451
                ],
                [
                    0.0,
                    0.9553365111351013,
                    -0.29552021622657776,
                    -20.0
                ],
                [
                    0.0,
                    0.29552021622657776,
                    0.9553365111351013,
                    0.0
                ],
                [
                    0.0,
                    0.0,
                    0.0,
                    1.0
                ]
            ]
        },
        {
            "file_path": "/data/easy_world_dataset/diffuse_scene_1647996146/00022.exr",
            "grid_i": -20.0,
            "grid_j": -2.04081632653061,
            "transform_matrix": [
                [
                    1.0,
                    0.0,
                    0.0,
                    -2.040816307067871
                ],
                [
                    0.0,
                    0.9553365111351013,
                    -0.29552021622657776,
                    -20.0
                ],
                [
                    0.0,
                    0.29552021622657776,
                    0.9553365111351013,
                    0.0
                ],
                [
                    0.0,
                    0.0,
                    0.0,
                    1.0
                ]
            ]
        },
        {
            "file_path": "/data/easy_world_dataset/diffuse_scene_1647996146/00023.exr",
            "grid_i": -20.0,
            "grid_j": -1.224489795918366,
            "transform_matrix": [
                [
                    1.0,
                    0.0,
                    0.0,
                    -1.2244898080825806
                ],
                [
                    0.0,
                    0.9553365111351013,
                    -0.29552021622657776,
                    -20.0
                ],
                [
                    0.0,
                    0.29552021622657776,
                    0.9553365111351013,
                    0.0
                ],
                [
                    0.0,
                    0.0,
                    0.0,
                    1.0
                ]
            ]
        },
        {
            "file_path": "/data/easy_world_dataset/diffuse_scene_1647996146/00024.exr",
            "grid_i": -20.0,
            "grid_j": -0.408163265306122,
            "transform_matrix": [
                [
                    1.0,
                    0.0,
                    0.0,
                    -0.40816327929496765
                ],
                [
                    0.0,
                    0.9553365111351013,
                    -0.29552021622657776,
                    -20.0
                ],
                [
                    0.0,
                    0.29552021622657776,
                    0.9553365111351013,
                    0.0
                ],
                [
                    0.0,
                    0.0,
                    0.0,
                    1.0
                ]
            ]
        },
        {
            "file_path": "/data/easy_world_dataset/diffuse_scene_1647996146/00025.exr",
            "grid_i": -20.0,
            "grid_j": 0.408163265306122,
            "transform_matrix": [
                [
                    1.0,
                    0.0,
                    0.0,
                    0.40816327929496765
                ],
                [
                    0.0,
                    0.9553365111351013,
                    -0.29552021622657776,
                    -20.0
                ],
                [
                    0.0,
                    0.29552021622657776,
                    0.9553365111351013,
                    0.0
                ],
                [
                    0.0,
                    0.0,
                    0.0,
                    1.0
                ]
            ]
        },
        {
            "file_path": "/data/easy_world_dataset/diffuse_scene_1647996146/00026.exr",
            "grid_i": -20.0,
            "grid_j": 1.224489795918366,
            "transform_matrix": [
                [
                    1.0,
                    0.0,
                    0.0,
                    1.2244898080825806
                ],
                [
                    0.0,
                    0.9553365111351013,
                    -0.29552021622657776,
                    -20.0
                ],
                [
                    0.0,
                    0.29552021622657776,
                    0.9553365111351013,
                    0.0
                ],
                [
                    0.0,
                    0.0,
                    0.0,
                    1.0
                ]
            ]
        },
        {
            "file_path": "/data/easy_world_dataset/diffuse_scene_1647996146/00027.exr",
            "grid_i": -20.0,
            "grid_j": 2.0408163265306136,
            "transform_matrix": [
                [
                    1.0,
                    0.0,
                    0.0,
                    2.040816307067871
                ],
                [
                    0.0,
                    0.9553365111351013,
                    -0.29552021622657776,
                    -20.0
                ],
                [
                    0.0,
                    0.29552021622657776,
                    0.9553365111351013,
                    0.0
                ],
                [
                    0.0,
                    0.0,
                    0.0,
                    1.0
                ]
            ]
        },
        {
            "file_path": "/data/easy_world_dataset/diffuse_scene_1647996146/00028.exr",
            "grid_i": -20.0,
            "grid_j": 2.8571428571428577,
            "transform_matrix": [
                [
                    1.0,
                    0.0,
                    0.0,
                    2.857142925262451
                ],
                [
                    0.0,
                    0.9553365111351013,
                    -0.29552021622657776,
                    -20.0
                ],
                [
                    0.0,
                    0.29552021622657776,
                    0.9553365111351013,
                    0.0
                ],
                [
                    0.0,
                    0.0,
                    0.0,
                    1.0
                ]
            ]
        },
        {
            "file_path": "/data/easy_world_dataset/diffuse_scene_1647996146/00029.exr",
            "grid_i": -20.0,
            "grid_j": 3.6734693877551017,
            "transform_matrix": [
                [
                    1.0,
                    0.0,
                    0.0,
                    3.673469305038452
                ],
                [
                    0.0,
                    0.9553365111351013,
                    -0.29552021622657776,
                    -20.0
                ],
                [
                    0.0,
                    0.29552021622657776,
                    0.9553365111351013,
                    0.0
                ],
                [
                    0.0,
                    0.0,
                    0.0,
                    1.0
                ]
            ]
        },
        {
            "file_path": "/data/easy_world_dataset/diffuse_scene_1647996146/00030.exr",
            "grid_i": -20.0,
            "grid_j": 4.489795918367349,
            "transform_matrix": [
                [
                    1.0,
                    0.0,
                    0.0,
                    4.489795684814453
                ],
                [
                    0.0,
                    0.9553365111351013,
                    -0.29552021622657776,
                    -20.0
                ],
                [
                    0.0,
                    0.29552021622657776,
                    0.9553365111351013,
                    0.0
                ],
                [
                    0.0,
                    0.0,
                    0.0,
                    1.0
                ]
            ]
        },
        {
            "file_path": "/data/easy_world_dataset/diffuse_scene_1647996146/00031.exr",
            "grid_i": -20.0,
            "grid_j": 5.306122448979593,
            "transform_matrix": [
                [
                    1.0,
                    0.0,
                    0.0,
                    5.306122303009033
                ],
                [
                    0.0,
                    0.9553365111351013,
                    -0.29552021622657776,
                    -20.0
                ],
                [
                    0.0,
                    0.29552021622657776,
                    0.9553365111351013,
                    0.0
                ],
                [
                    0.0,
                    0.0,
                    0.0,
                    1.0
                ]
            ]
        },
        {
            "file_path": "/data/easy_world_dataset/diffuse_scene_1647996146/00032.exr",
            "grid_i": -20.0,
            "grid_j": 6.122448979591837,
            "transform_matrix": [
                [
                    1.0,
                    0.0,
                    0.0,
                    6.122448921203613
                ],
                [
                    0.0,
                    0.9553365111351013,
                    -0.29552021622657776,
                    -20.0
                ],
                [
                    0.0,
                    0.29552021622657776,
                    0.9553365111351013,
                    0.0
                ],
                [
                    0.0,
                    0.0,
                    0.0,
                    1.0
                ]
            ]
        },
        {
            "file_path": "/data/easy_world_dataset/diffuse_scene_1647996146/00033.exr",
            "grid_i": -20.0,
            "grid_j": 6.938775510204081,
            "transform_matrix": [
                [
                    1.0,
                    0.0,
                    0.0,
                    6.938775539398193
                ],
                [
                    0.0,
                    0.9553365111351013,
                    -0.29552021622657776,
                    -20.0
                ],
                [
                    0.0,
                    0.29552021622657776,
                    0.9553365111351013,
                    0.0
                ],
                [
                    0.0,
                    0.0,
                    0.0,
                    1.0
                ]
            ]
        },
        {
            "file_path": "/data/easy_world_dataset/diffuse_scene_1647996146/00034.exr",
            "grid_i": -20.0,
            "grid_j": 7.755102040816325,
            "transform_matrix": [
                [
                    1.0,
                    0.0,
                    0.0,
                    7.755102157592773
                ],
                [
                    0.0,
                    0.9553365111351013,
                    -0.29552021622657776,
                    -20.0
                ],
                [
                    0.0,
                    0.29552021622657776,
                    0.9553365111351013,
                    0.0
                ],
                [
                    0.0,
                    0.0,
                    0.0,
                    1.0
                ]
            ]
        },
        {
            "file_path": "/data/easy_world_dataset/diffuse_scene_1647996146/00035.exr",
            "grid_i": -20.0,
            "grid_j": 8.571428571428573,
            "transform_matrix": [
                [
                    1.0,
                    0.0,
                    0.0,
                    8.571428298950195
                ],
                [
                    0.0,
                    0.9553365111351013,
                    -0.29552021622657776,
                    -20.0
                ],
                [
                    0.0,
                    0.29552021622657776,
                    0.9553365111351013,
                    0.0
                ],
                [
                    0.0,
                    0.0,
                    0.0,
                    1.0
                ]
            ]
        },
        {
            "file_path": "/data/easy_world_dataset/diffuse_scene_1647996146/00036.exr",
            "grid_i": -20.0,
            "grid_j": 9.387755102040817,
            "transform_matrix": [
                [
                    1.0,
                    0.0,
                    0.0,
                    9.387755393981934
                ],
                [
                    0.0,
                    0.9553365111351013,
                    -0.29552021622657776,
                    -20.0
                ],
                [
                    0.0,
                    0.29552021622657776,
                    0.9553365111351013,
                    0.0
                ],
                [
                    0.0,
                    0.0,
                    0.0,
                    1.0
                ]
            ]
        },
        {
            "file_path": "/data/easy_world_dataset/diffuse_scene_1647996146/00037.exr",
            "grid_i": -20.0,
            "grid_j": 10.204081632653061,
            "transform_matrix": [
                [
                    1.0,
                    0.0,
                    0.0,
                    10.204081535339355
                ],
                [
                    0.0,
                    0.9553365111351013,
                    -0.29552021622657776,
                    -20.0
                ],
                [
                    0.0,
                    0.29552021622657776,
                    0.9553365111351013,
                    0.0
                ],
                [
                    0.0,
                    0.0,
                    0.0,
                    1.0
                ]
            ]
        },
        {
            "file_path": "/data/easy_world_dataset/diffuse_scene_1647996146/00038.exr",
            "grid_i": -20.0,
            "grid_j": 11.020408163265309,
            "transform_matrix": [
                [
                    1.0,
                    0.0,
                    0.0,
                    11.020408630371094
                ],
                [
                    0.0,
                    0.9553365111351013,
                    -0.29552021622657776,
                    -20.0
                ],
                [
                    0.0,
                    0.29552021622657776,
                    0.9553365111351013,
                    0.0
                ],
                [
                    0.0,
                    0.0,
                    0.0,
                    1.0
                ]
            ]
        },
        {
            "file_path": "/data/easy_world_dataset/diffuse_scene_1647996146/00039.exr",
            "grid_i": -20.0,
            "grid_j": 11.836734693877553,
            "transform_matrix": [
                [
                    1.0,
                    0.0,
                    0.0,
                    11.836734771728516
                ],
                [
                    0.0,
                    0.9553365111351013,
                    -0.29552021622657776,
                    -20.0
                ],
                [
                    0.0,
                    0.29552021622657776,
                    0.9553365111351013,
                    0.0
                ],
                [
                    0.0,
                    0.0,
                    0.0,
                    1.0
                ]
            ]
        },
        {
            "file_path": "/data/easy_world_dataset/diffuse_scene_1647996146/00040.exr",
            "grid_i": -20.0,
            "grid_j": 12.653061224489797,
            "transform_matrix": [
                [
                    1.0,
                    0.0,
                    0.0,
                    12.653060913085938
                ],
                [
                    0.0,
                    0.9553365111351013,
                    -0.29552021622657776,
                    -20.0
                ],
                [
                    0.0,
                    0.29552021622657776,
                    0.9553365111351013,
                    0.0
                ],
                [
                    0.0,
                    0.0,
                    0.0,
                    1.0
                ]
            ]
        },
        {
            "file_path": "/data/easy_world_dataset/diffuse_scene_1647996146/00041.exr",
            "grid_i": -20.0,
            "grid_j": 13.46938775510204,
            "transform_matrix": [
                [
                    1.0,
                    0.0,
                    0.0,
                    13.469388008117676
                ],
                [
                    0.0,
                    0.9553365111351013,
                    -0.29552021622657776,
                    -20.0
                ],
                [
                    0.0,
                    0.29552021622657776,
                    0.9553365111351013,
                    0.0
                ],
                [
                    0.0,
                    0.0,
                    0.0,
                    1.0
                ]
            ]
        },
        {
            "file_path": "/data/easy_world_dataset/diffuse_scene_1647996146/00042.exr",
            "grid_i": -20.0,
            "grid_j": 14.285714285714285,
            "transform_matrix": [
                [
                    1.0,
                    0.0,
                    0.0,
                    14.285714149475098
                ],
                [
                    0.0,
                    0.9553365111351013,
                    -0.29552021622657776,
                    -20.0
                ],
                [
                    0.0,
                    0.29552021622657776,
                    0.9553365111351013,
                    0.0
                ],
                [
                    0.0,
                    0.0,
                    0.0,
                    1.0
                ]
            ]
        },
        {
            "file_path": "/data/easy_world_dataset/diffuse_scene_1647996146/00043.exr",
            "grid_i": -20.0,
            "grid_j": 15.102040816326529,
            "transform_matrix": [
                [
                    1.0,
                    0.0,
                    0.0,
                    15.102041244506836
                ],
                [
                    0.0,
                    0.9553365111351013,
                    -0.29552021622657776,
                    -20.0
                ],
                [
                    0.0,
                    0.29552021622657776,
                    0.9553365111351013,
                    0.0
                ],
                [
                    0.0,
                    0.0,
                    0.0,
                    1.0
                ]
            ]
        },
        {
            "file_path": "/data/easy_world_dataset/diffuse_scene_1647996146/00044.exr",
            "grid_i": -20.0,
            "grid_j": 15.91836734693878,
            "transform_matrix": [
                [
                    1.0,
                    0.0,
                    0.0,
                    15.918367385864258
                ],
                [
                    0.0,
                    0.9553365111351013,
                    -0.29552021622657776,
                    -20.0
                ],
                [
                    0.0,
                    0.29552021622657776,
                    0.9553365111351013,
                    0.0
                ],
                [
                    0.0,
                    0.0,
                    0.0,
                    1.0
                ]
            ]
        },
        {
            "file_path": "/data/easy_world_dataset/diffuse_scene_1647996146/00045.exr",
            "grid_i": -20.0,
            "grid_j": 16.734693877551024,
            "transform_matrix": [
                [
                    1.0,
                    0.0,
                    0.0,
                    16.73469352722168
                ],
                [
                    0.0,
                    0.9553365111351013,
                    -0.29552021622657776,
                    -20.0
                ],
                [
                    0.0,
                    0.29552021622657776,
                    0.9553365111351013,
                    0.0
                ],
                [
                    0.0,
                    0.0,
                    0.0,
                    1.0
                ]
            ]
        },
        {
            "file_path": "/data/easy_world_dataset/diffuse_scene_1647996146/00046.exr",
            "grid_i": -20.0,
            "grid_j": 17.551020408163268,
            "transform_matrix": [
                [
                    1.0,
                    0.0,
                    0.0,
                    17.5510196685791
                ],
                [
                    0.0,
                    0.9553365111351013,
                    -0.29552021622657776,
                    -20.0
                ],
                [
                    0.0,
                    0.29552021622657776,
                    0.9553365111351013,
                    0.0
                ],
                [
                    0.0,
                    0.0,
                    0.0,
                    1.0
